{
 "cells": [
  {
   "metadata": {},
   "cell_type": "markdown",
   "source": "# This is the workbook for exact NO rotation that transforms the system into a solvable system",
   "id": "54c9998fcda4e2f7"
  },
  {
   "metadata": {
    "ExecuteTime": {
     "end_time": "2024-10-24T03:25:04.391642Z",
     "start_time": "2024-10-24T03:25:00.129508Z"
    }
   },
   "cell_type": "code",
   "source": [
    "import numpy as np\n",
    "from dmrghandler.src.dmrghandler.qchem_dmrg_calc import single_qchem_dmrg_calc\n",
    "from dmrghandler.src.dmrghandler.dmrg_looping import dmrg_central_loop\n",
    "import dmrghandler.src.dmrghandler.dmrg_calc_prepare as dmrg_calc_prepare\n",
    "from matplotlib import pyplot as plt\n",
    "from scipy.optimize import curve_fit\n",
    "from block2 import SZ as block2_SZ\n",
    "from get_dmrg_config import get_dmrg_process_param, get_dmrg_config\n",
    "from pathlib import Path\n",
    "from pyblock2.driver.core import DMRGDriver, SymmetryTypes\n",
    "from pyblock2 import tools\n",
    "from pyblock2._pyscf.ao2mo import integrals as itg\n",
    "import pyscf\n",
    "from OrbitalRotation.eigenstate_check import check_eigenstates\n",
    "from basic_definitions import chemist_to_physicist, get_ferm_op, physicist_to_chemist\n",
    "from Hamiltonians.molecular_hamiltonians import get_n2, get_h2o, get_hf, get_he, get_co, get_h2\n",
    "import openfermion as of\n",
    "from Hamiltonians.dmrg_hamiltonians import get_dmrg_hamiltonian, dmrg_non_exact"
   ],
   "id": "24702936535bf78b",
   "outputs": [],
   "execution_count": 1
  },
  {
   "metadata": {
    "ExecuteTime": {
     "end_time": "2024-10-03T17:57:37.058276Z",
     "start_time": "2024-10-03T17:57:36.989002Z"
    }
   },
   "cell_type": "code",
   "source": [
    "data = get_h2o(3.0)\n",
    "\n",
    "ncas, n_elec, spin, h1e, g2e = data.ncas, data.n_elec, data.spin, data.h1e, data.g2e\n",
    "print(ncas)"
   ],
   "id": "63c3be9ca22b30d9",
   "outputs": [
    {
     "name": "stdout",
     "output_type": "stream",
     "text": [
      "converged SCF energy = -74.2710321184149\n",
      "7\n"
     ]
    }
   ],
   "execution_count": 4
  },
  {
   "metadata": {
    "ExecuteTime": {
     "end_time": "2024-10-24T03:25:06.978355Z",
     "start_time": "2024-10-24T03:25:06.523968Z"
    }
   },
   "cell_type": "code",
   "source": [
    "from pyscf import gto, scf\n",
    "\n",
    "mol = gto.M(\n",
    "    atom=f\"N 0 0 0; N 0 0 2.2\",\n",
    "    basis='sto-3g')\n",
    "mf = scf.RHF(mol).run(conv_tol=1E-14)\n",
    "mycc = mf.CISD().run()\n",
    "ncas, n_elec, spin, ecore, h1e, g2e, orb_sym = itg.get_rhf_integrals(mf,\n",
    "                                                                     ncore=0,\n",
    "                                                                     g2e_symm=1)\n",
    "\n",
    "print(f\"SCF energy: {mf.kernel() - ecore}\")\n",
    "print(f\"CISD energy: {mycc.e_tot - ecore}\")"
   ],
   "id": "709ea1b689463aaa",
   "outputs": [
    {
     "name": "stdout",
     "output_type": "stream",
     "text": [
      "converged SCF energy = -106.751831266188\n",
      "E(RCISD) = -107.2227326317978  E_corr = -0.4709013656102005\n",
      "converged SCF energy = -106.751831266188\n",
      "SCF energy: -118.53805096395126\n",
      "CISD energy: -119.00895232956147\n"
     ]
    }
   ],
   "execution_count": 2
  },
  {
   "metadata": {
    "ExecuteTime": {
     "end_time": "2024-10-24T03:25:09.904526Z",
     "start_time": "2024-10-24T03:25:09.888941Z"
    }
   },
   "cell_type": "code",
   "source": [
    "obt, tbt = physicist_to_chemist(h1e.copy(), g2e.copy())\n",
    "print(tbt)"
   ],
   "id": "eb787d8dc66854e5",
   "outputs": [
    {
     "name": "stdout",
     "output_type": "stream",
     "text": [
      "[[[[ 1.09390225e+00  1.32639108e-06 -2.04165725e-07 ... -5.36844789e-17\n",
      "    -4.60401003e-17  1.48362784e-02]\n",
      "   [ 1.32639108e-06  1.09414258e+00 -9.99089267e-02 ... -1.17958490e-15\n",
      "    -5.54718462e-16  1.34353844e-08]\n",
      "   [-2.04165725e-07 -9.99089267e-02  2.99516310e-01 ... -6.87560611e-16\n",
      "    -2.64737771e-16 -4.09301206e-08]\n",
      "   ...\n",
      "   [-5.36844789e-17 -1.17958490e-15 -6.87560611e-16 ...  3.02331744e-01\n",
      "     4.18731981e-18 -6.44706950e-17]\n",
      "   [-4.60401003e-17 -5.54718462e-16 -2.64737771e-16 ...  4.18731981e-18\n",
      "     3.02331744e-01 -4.02560354e-17]\n",
      "   [ 1.48362784e-02  1.34353844e-08 -4.09301206e-08 ... -6.44706950e-17\n",
      "    -4.02560354e-17  3.17366920e-01]]\n",
      "\n",
      "  [[ 1.32639108e-06  9.73870066e-01 -9.99252498e-02 ... -9.22977728e-16\n",
      "    -4.58857285e-16  1.17881275e-08]\n",
      "   [ 9.73870066e-01 -1.32606344e-06  6.79547367e-08 ... -1.39896505e-17\n",
      "    -3.67859049e-17  1.72832657e-02]\n",
      "   [-9.99252498e-02  6.79547367e-08  1.99227705e-10 ...  2.50051838e-16\n",
      "    -5.93093062e-18 -3.00495358e-02]\n",
      "   ...\n",
      "   [-9.22977728e-16 -1.39896505e-17  2.50051838e-16 ... -4.73305522e-11\n",
      "     1.55424259e-12  3.70816725e-14]\n",
      "   [-4.58857285e-16 -3.67859049e-17 -5.93093062e-18 ...  1.55424259e-12\n",
      "    -7.75080505e-11  1.58583232e-14]\n",
      "   [ 1.17881275e-08  1.72832657e-02 -3.00495358e-02 ...  3.70816725e-14\n",
      "     1.58583232e-14 -4.34563076e-11]]\n",
      "\n",
      "  [[-2.04165725e-07 -9.99252498e-02  1.51519065e-02 ...  1.36376632e-16\n",
      "     6.51710964e-17 -3.90640562e-09]\n",
      "   [-9.99252498e-02  6.79658253e-08  2.50707915e-11 ...  1.14706606e-17\n",
      "     3.37288863e-18 -2.87198654e-03]\n",
      "   [ 1.51519065e-02  2.50707915e-11 -2.85667525e-09 ... -1.42745911e-18\n",
      "    -8.09863975e-19  3.29862989e-04]\n",
      "   ...\n",
      "   [ 1.36376632e-16  1.14706606e-17 -1.42745911e-18 ... -2.00586737e-09\n",
      "    -2.50488832e-14 -6.05748595e-16]\n",
      "   [ 6.51710964e-17  3.37288863e-18 -8.09863975e-19 ... -2.50488832e-14\n",
      "    -2.00538101e-09 -2.58955922e-16]\n",
      "   [-3.90640562e-09 -2.87198654e-03  3.29862989e-04 ... -6.05748595e-16\n",
      "    -2.58955922e-16 -2.11110389e-09]]\n",
      "\n",
      "  ...\n",
      "\n",
      "  [[-5.36844789e-17 -9.22977728e-16  1.36376632e-16 ...  5.67779493e-03\n",
      "     8.31343095e-20 -2.77839427e-18]\n",
      "   [-9.22977728e-16 -5.12229646e-17  1.38855158e-17 ... -3.94479332e-11\n",
      "     4.70593969e-14  1.11928395e-15]\n",
      "   [ 1.36376632e-16  1.38855158e-17  8.55978692e-18 ...  5.07539429e-09\n",
      "     6.43531254e-14  1.52945583e-15]\n",
      "   ...\n",
      "   [ 5.67779493e-03 -3.94479332e-11  5.07539429e-09 ...  5.92311864e-18\n",
      "    -8.18482305e-19 -1.22847737e-03]\n",
      "   [ 8.31343095e-20  4.70593969e-14  6.43531254e-14 ... -8.18482305e-19\n",
      "    -4.70638536e-18 -1.74307802e-20]\n",
      "   [-2.77839427e-18  1.11928395e-15  1.52945583e-15 ... -1.22847737e-03\n",
      "    -1.74307802e-20 -5.40908661e-18]]\n",
      "\n",
      "  [[-4.60401003e-17 -4.58857285e-16  6.51710964e-17 ...  9.25449563e-20\n",
      "     5.67779493e-03 -1.19800196e-18]\n",
      "   [-4.58857285e-16 -4.59150060e-17  3.49133207e-18 ...  4.70593967e-14\n",
      "    -4.03616486e-11  4.77594873e-16]\n",
      "   [ 6.51710964e-17  3.49133207e-18 -1.59359706e-17 ...  6.43530014e-14\n",
      "     5.07414480e-09  6.55779623e-16]\n",
      "   ...\n",
      "   [ 9.25449563e-20  4.70593967e-14  6.43530014e-14 ... -1.57091940e-17\n",
      "     5.31475198e-18 -1.15610189e-20]\n",
      "   [ 5.67779493e-03 -4.03616486e-11  5.07414480e-09 ...  5.31475198e-18\n",
      "    -1.73461586e-17 -1.22847737e-03]\n",
      "   [-1.19800196e-18  4.77594873e-16  6.55779623e-16 ... -1.15610189e-20\n",
      "    -1.22847737e-03 -1.60331931e-17]]\n",
      "\n",
      "  [[ 1.48362784e-02  1.17881275e-08 -3.90640563e-09 ... -2.77839427e-18\n",
      "    -1.19800196e-18  6.55071368e-03]\n",
      "   [ 1.17881275e-08  1.48643722e-02 -2.86325818e-03 ...  1.12374344e-15\n",
      "     4.79831655e-16 -5.98930972e-11]\n",
      "   [-3.90640563e-09 -2.86325818e-03 -1.94015781e-03 ...  1.61608282e-15\n",
      "     6.92207377e-16  5.10420074e-09]\n",
      "   ...\n",
      "   [-2.77839427e-18  1.12374344e-15  1.61608282e-15 ... -5.25024504e-04\n",
      "     5.84704102e-21  4.79473272e-18]\n",
      "   [-1.19800196e-18  4.79831655e-16  6.92207377e-16 ...  5.84704102e-21\n",
      "    -5.25024504e-04 -5.57498766e-19]\n",
      "   [ 6.55071368e-03 -5.98930972e-11  5.10420074e-09 ...  4.79473272e-18\n",
      "    -5.57498766e-19 -2.77819724e-03]]]\n",
      "\n",
      "\n",
      " [[[ 1.32639108e-06  9.73870066e-01 -9.99252498e-02 ... -9.22977728e-16\n",
      "    -4.58857285e-16  1.17881275e-08]\n",
      "   [ 9.73870066e-01 -1.32606344e-06  6.79547367e-08 ... -1.39896505e-17\n",
      "    -3.67859049e-17  1.72832657e-02]\n",
      "   [-9.99252498e-02  6.79547367e-08  1.99227705e-10 ...  2.50051838e-16\n",
      "    -5.93093062e-18 -3.00495358e-02]\n",
      "   ...\n",
      "   [-9.22977728e-16 -1.39896505e-17  2.50051838e-16 ... -4.73305522e-11\n",
      "     1.55424259e-12  3.70816725e-14]\n",
      "   [-4.58857285e-16 -3.67859049e-17 -5.93093062e-18 ...  1.55424259e-12\n",
      "    -7.75080505e-11  1.58583232e-14]\n",
      "   [ 1.17881275e-08  1.72832657e-02 -3.00495358e-02 ...  3.70816725e-14\n",
      "     1.58583232e-14 -4.34563076e-11]]\n",
      "\n",
      "  [[ 1.09414258e+00 -1.32606344e-06  6.79658253e-08 ... -5.12229646e-17\n",
      "    -4.59150060e-17  1.48643722e-02]\n",
      "   [-1.32606344e-06  1.09438310e+00 -9.99487399e-02 ... -1.18034400e-15\n",
      "    -5.54087421e-16 -3.36568415e-08]\n",
      "   [ 6.79658253e-08 -9.99487399e-02  2.99516589e-01 ... -6.87885876e-16\n",
      "    -2.63585358e-16  4.09134908e-08]\n",
      "   ...\n",
      "   [-5.12229646e-17 -1.18034400e-15 -6.87885876e-16 ...  3.02332830e-01\n",
      "    -2.29197463e-20 -6.50936938e-17]\n",
      "   [-4.59150060e-17 -5.54087421e-16 -2.63585358e-16 ... -2.29197463e-20\n",
      "     3.02332830e-01 -4.03300214e-17]\n",
      "   [ 1.48643722e-02 -3.36568415e-08  4.09134908e-08 ... -6.50936938e-17\n",
      "    -4.03300214e-17  3.17361920e-01]]\n",
      "\n",
      "  [[-9.99089267e-02  6.79547367e-08  2.50707951e-11 ...  1.38855158e-17\n",
      "     3.49133207e-18 -2.86325818e-03]\n",
      "   [ 6.79547367e-08 -9.99487399e-02  1.51630234e-02 ...  1.35069262e-16\n",
      "     6.49963190e-17  3.90391321e-09]\n",
      "   [ 2.50707951e-11  1.51630234e-02 -4.18416772e-03 ... -8.22143467e-17\n",
      "    -3.34945173e-17 -2.23735776e-10]\n",
      "   ...\n",
      "   [ 1.38855158e-17  1.35069262e-16 -8.22143467e-17 ... -2.94449801e-03\n",
      "    -7.41388247e-21 -1.32483047e-18]\n",
      "   [ 3.49133207e-18  6.49963190e-17 -3.34945173e-17 ... -7.41388247e-21\n",
      "    -2.94449801e-03  4.97556958e-19]\n",
      "   [-2.86325818e-03  3.90391321e-09 -2.23735776e-10 ... -1.32483047e-18\n",
      "     4.97556958e-19 -3.09842946e-03]]\n",
      "\n",
      "  ...\n",
      "\n",
      "  [[-1.17958490e-15 -1.39896505e-17  1.14706606e-17 ... -3.94479331e-11\n",
      "     4.70593746e-14  1.12374344e-15]\n",
      "   [-1.39896505e-17 -1.18034400e-15  1.35069262e-16 ...  5.62200445e-03\n",
      "    -1.97585760e-20 -2.65502263e-18]\n",
      "   [ 1.14706606e-17  1.35069262e-16 -2.82164833e-16 ...  7.45014685e-03\n",
      "    -2.91617984e-21 -4.26455837e-18]\n",
      "   ...\n",
      "   [-3.94479331e-11  5.62200445e-03  7.45014685e-03 ...  3.94710279e-17\n",
      "     3.93623723e-17  8.36700076e-10]\n",
      "   [ 4.70593746e-14 -1.97585760e-20 -2.91617984e-21 ...  3.93623723e-17\n",
      "    -1.42760732e-16 -9.70005442e-15]\n",
      "   [ 1.12374344e-15 -2.65502263e-18 -4.26455837e-18 ...  8.36700076e-10\n",
      "    -9.70005442e-15 -5.92462424e-16]]\n",
      "\n",
      "  [[-5.54718462e-16 -3.67859049e-17  3.37288863e-18 ...  4.70593971e-14\n",
      "    -4.03616480e-11  4.79831655e-16]\n",
      "   [-3.67859049e-17 -5.54087421e-16  6.49963190e-17 ... -2.66021359e-20\n",
      "     5.62200445e-03 -1.32418758e-18]\n",
      "   [ 3.37288863e-18  6.49963190e-17 -1.23802799e-16 ...  2.85232243e-21\n",
      "     7.45014685e-03  2.07461763e-19]\n",
      "   ...\n",
      "   [ 4.70593971e-14 -2.66021359e-20  2.85232243e-21 ... -6.61683096e-17\n",
      "     9.11158797e-17 -9.70008046e-15]\n",
      "   [-4.03616480e-11  5.62200445e-03  7.45014685e-03 ...  9.11158797e-17\n",
      "     1.25564350e-17  8.36888415e-10]\n",
      "   [ 4.79831655e-16 -1.32418758e-18  2.07461763e-19 ... -9.70008046e-15\n",
      "     8.36888415e-10 -2.58929525e-16]]\n",
      "\n",
      "  [[ 1.34353844e-08  1.72832657e-02 -2.87198654e-03 ...  1.11928395e-15\n",
      "     4.77594873e-16 -5.98930972e-11]\n",
      "   [ 1.72832657e-02 -3.36568415e-08  3.90391321e-09 ... -2.65502263e-18\n",
      "    -1.32418758e-18  6.46455013e-03]\n",
      "   [-2.87198654e-03  3.90391321e-09  1.32345738e-09 ...  5.74622926e-20\n",
      "    -9.80526752e-19  7.49184727e-03]\n",
      "   ...\n",
      "   [ 1.11928395e-15 -2.65502263e-18  5.74622926e-20 ...  3.57202387e-10\n",
      "     1.30831450e-14  1.87315329e-16]\n",
      "   [ 4.77594873e-16 -1.32418758e-18 -9.80526752e-19 ...  1.30831450e-14\n",
      "     3.56948362e-10  8.06758837e-17]\n",
      "   [-5.98930972e-11  6.46455013e-03  7.49184727e-03 ...  1.87315329e-16\n",
      "     8.06758837e-17  1.89176542e-09]]]\n",
      "\n",
      "\n",
      " [[[-2.04165725e-07 -9.99252498e-02  1.51519065e-02 ...  1.36376632e-16\n",
      "     6.51710964e-17 -3.90640562e-09]\n",
      "   [-9.99252498e-02  6.79658253e-08  2.50707915e-11 ...  1.14706606e-17\n",
      "     3.37288863e-18 -2.87198654e-03]\n",
      "   [ 1.51519065e-02  2.50707915e-11 -2.85667525e-09 ... -1.42745911e-18\n",
      "    -8.09863975e-19  3.29862989e-04]\n",
      "   ...\n",
      "   [ 1.36376632e-16  1.14706606e-17 -1.42745911e-18 ... -2.00586737e-09\n",
      "    -2.50488832e-14 -6.05748595e-16]\n",
      "   [ 6.51710964e-17  3.37288863e-18 -8.09863975e-19 ... -2.50488832e-14\n",
      "    -2.00538101e-09 -2.58955922e-16]\n",
      "   [-3.90640562e-09 -2.87198654e-03  3.29862989e-04 ... -6.05748595e-16\n",
      "    -2.58955922e-16 -2.11110389e-09]]\n",
      "\n",
      "  [[-9.99089267e-02  6.79547367e-08  2.50707951e-11 ...  1.38855158e-17\n",
      "     3.49133207e-18 -2.86325818e-03]\n",
      "   [ 6.79547367e-08 -9.99487399e-02  1.51630234e-02 ...  1.35069262e-16\n",
      "     6.49963190e-17  3.90391321e-09]\n",
      "   [ 2.50707951e-11  1.51630234e-02 -4.18416772e-03 ... -8.22143467e-17\n",
      "    -3.34945173e-17 -2.23735776e-10]\n",
      "   ...\n",
      "   [ 1.38855158e-17  1.35069262e-16 -8.22143467e-17 ... -2.94449801e-03\n",
      "    -7.41388247e-21 -1.32483047e-18]\n",
      "   [ 3.49133207e-18  6.49963190e-17 -3.34945173e-17 ... -7.41388247e-21\n",
      "    -2.94449801e-03  4.97556958e-19]\n",
      "   [-2.86325818e-03  3.90391321e-09 -2.23735776e-10 ... -1.32483047e-18\n",
      "     4.97556958e-19 -3.09842946e-03]]\n",
      "\n",
      "  [[ 2.99516310e-01  1.99227724e-10 -2.85667525e-09 ...  8.55978692e-18\n",
      "    -1.59359706e-17 -1.94015781e-03]\n",
      "   [ 1.99227724e-10  2.99516589e-01 -4.18416772e-03 ... -2.82164833e-16\n",
      "    -1.23802799e-16  1.32345738e-09]\n",
      "   [-2.85667525e-09 -4.18416772e-03  2.35626640e-01 ... -1.78483923e-15\n",
      "    -7.42240899e-16 -2.44909875e-11]\n",
      "   ...\n",
      "   [ 8.55978692e-18 -2.82164833e-16 -1.78483923e-15 ...  2.33580775e-01\n",
      "     1.12618579e-18 -6.05832789e-17]\n",
      "   [-1.59359706e-17 -1.23802799e-16 -7.42240899e-16 ...  1.12618579e-18\n",
      "     2.33580775e-01 -3.05248325e-17]\n",
      "   [-1.94015781e-03  1.32345738e-09 -2.44909875e-11 ... -6.05832789e-17\n",
      "    -3.05248325e-17  2.45089882e-01]]\n",
      "\n",
      "  ...\n",
      "\n",
      "  [[-6.87560611e-16  2.50051838e-16 -1.42745911e-18 ...  5.07539429e-09\n",
      "     6.43529695e-14  1.61608282e-15]\n",
      "   [ 2.50051838e-16 -6.87885876e-16 -8.22143467e-17 ...  7.45014685e-03\n",
      "     1.35942345e-20  5.74622926e-20]\n",
      "   [-1.42745911e-18 -8.22143467e-17 -1.78483923e-15 ...  3.42247393e-02\n",
      "     1.61843603e-19 -2.37619485e-17]\n",
      "   ...\n",
      "   [ 5.07539429e-09  7.45014685e-03  3.42247393e-02 ... -1.64797047e-17\n",
      "     1.73325185e-16 -1.38842037e-12]\n",
      "   [ 6.43529695e-14  1.35942345e-20  1.61843603e-19 ...  1.73325185e-16\n",
      "    -8.20371035e-16 -5.15838395e-14]\n",
      "   [ 1.61608282e-15  5.74622926e-20 -2.37619485e-17 ... -1.38842037e-12\n",
      "    -5.15838395e-14 -3.21460938e-15]]\n",
      "\n",
      "  [[-2.64737771e-16 -5.93093062e-18 -8.09863975e-19 ...  6.43531155e-14\n",
      "     5.07414480e-09  6.92207377e-16]\n",
      "   [-5.93093062e-18 -2.63585358e-16 -3.34945173e-17 ... -7.83913641e-21\n",
      "     7.45014685e-03 -9.80526752e-19]\n",
      "   [-8.09863975e-19 -3.34945173e-17 -7.42240899e-16 ...  2.72663099e-19\n",
      "     3.42247393e-02 -4.38890585e-18]\n",
      "   ...\n",
      "   [ 6.43531155e-14 -7.83913641e-21  2.72663099e-19 ... -3.35115447e-16\n",
      "     4.01945665e-16 -5.15842510e-14]\n",
      "   [ 5.07414480e-09  7.45014685e-03  3.42247393e-02 ...  4.01945665e-16\n",
      "     1.15349234e-17 -3.86852159e-13]\n",
      "   [ 6.92207377e-16 -9.80526752e-19 -4.38890585e-18 ... -5.15842510e-14\n",
      "    -3.86852159e-13 -1.35988448e-15]]\n",
      "\n",
      "  [[-4.09301206e-08 -3.00495358e-02  3.29862989e-04 ...  1.52945583e-15\n",
      "     6.55779623e-16  5.10420074e-09]\n",
      "   [-3.00495358e-02  4.09134908e-08 -2.23735776e-10 ... -4.26455837e-18\n",
      "     2.07461763e-19  7.49184727e-03]\n",
      "   [ 3.29862989e-04 -2.23735776e-10 -2.44909793e-11 ... -2.37619485e-17\n",
      "    -4.38890585e-18  3.60361196e-02]\n",
      "   ...\n",
      "   [ 1.52945583e-15 -4.26455837e-18 -2.37619485e-17 ... -1.68113934e-12\n",
      "    -1.30728911e-13 -3.77437214e-15]\n",
      "   [ 6.55779623e-16  2.07461763e-19 -4.38890585e-18 ... -1.30728911e-13\n",
      "     8.57123757e-13 -1.61058807e-15]\n",
      "   [ 5.10420074e-09  7.49184727e-03  3.60361196e-02 ... -3.77437214e-15\n",
      "    -1.61058807e-15 -4.69447773e-12]]]\n",
      "\n",
      "\n",
      " ...\n",
      "\n",
      "\n",
      " [[[-5.36844789e-17 -9.22977728e-16  1.36376632e-16 ...  5.67779493e-03\n",
      "     8.31343095e-20 -2.77839427e-18]\n",
      "   [-9.22977728e-16 -5.12229646e-17  1.38855158e-17 ... -3.94479332e-11\n",
      "     4.70593969e-14  1.11928395e-15]\n",
      "   [ 1.36376632e-16  1.38855158e-17  8.55978692e-18 ...  5.07539429e-09\n",
      "     6.43531254e-14  1.52945583e-15]\n",
      "   ...\n",
      "   [ 5.67779493e-03 -3.94479332e-11  5.07539429e-09 ...  5.92311864e-18\n",
      "    -8.18482305e-19 -1.22847737e-03]\n",
      "   [ 8.31343095e-20  4.70593969e-14  6.43531254e-14 ... -8.18482305e-19\n",
      "    -4.70638536e-18 -1.74307802e-20]\n",
      "   [-2.77839427e-18  1.11928395e-15  1.52945583e-15 ... -1.22847737e-03\n",
      "    -1.74307802e-20 -5.40908661e-18]]\n",
      "\n",
      "  [[-1.17958490e-15 -1.39896505e-17  1.14706606e-17 ... -3.94479331e-11\n",
      "     4.70593746e-14  1.12374344e-15]\n",
      "   [-1.39896505e-17 -1.18034400e-15  1.35069262e-16 ...  5.62200445e-03\n",
      "    -1.97585760e-20 -2.65502263e-18]\n",
      "   [ 1.14706606e-17  1.35069262e-16 -2.82164833e-16 ...  7.45014685e-03\n",
      "    -2.91617984e-21 -4.26455837e-18]\n",
      "   ...\n",
      "   [-3.94479331e-11  5.62200445e-03  7.45014685e-03 ...  3.94710279e-17\n",
      "     3.93623723e-17  8.36700076e-10]\n",
      "   [ 4.70593746e-14 -1.97585760e-20 -2.91617984e-21 ...  3.93623723e-17\n",
      "    -1.42760732e-16 -9.70005442e-15]\n",
      "   [ 1.12374344e-15 -2.65502263e-18 -4.26455837e-18 ...  8.36700076e-10\n",
      "    -9.70005442e-15 -5.92462424e-16]]\n",
      "\n",
      "  [[-6.87560611e-16  2.50051838e-16 -1.42745911e-18 ...  5.07539429e-09\n",
      "     6.43529695e-14  1.61608282e-15]\n",
      "   [ 2.50051838e-16 -6.87885876e-16 -8.22143467e-17 ...  7.45014685e-03\n",
      "     1.35942345e-20  5.74622926e-20]\n",
      "   [-1.42745911e-18 -8.22143467e-17 -1.78483923e-15 ...  3.42247393e-02\n",
      "     1.61843603e-19 -2.37619485e-17]\n",
      "   ...\n",
      "   [ 5.07539429e-09  7.45014685e-03  3.42247393e-02 ... -1.64797047e-17\n",
      "     1.73325185e-16 -1.38842037e-12]\n",
      "   [ 6.43529695e-14  1.35942345e-20  1.61843603e-19 ...  1.73325185e-16\n",
      "    -8.20371035e-16 -5.15838395e-14]\n",
      "   [ 1.61608282e-15  5.74622926e-20 -2.37619485e-17 ... -1.38842037e-12\n",
      "    -5.15838395e-14 -3.21460938e-15]]\n",
      "\n",
      "  ...\n",
      "\n",
      "  [[ 3.02331744e-01 -4.73305702e-11 -2.00586736e-09 ...  5.92311864e-18\n",
      "    -1.57091940e-17 -5.25024504e-04]\n",
      "   [-4.73305702e-11  3.02332830e-01 -2.94449801e-03 ...  3.94710279e-17\n",
      "    -6.61683096e-17  3.57202386e-10]\n",
      "   [-2.00586736e-09 -2.94449801e-03  2.33580775e-01 ... -1.64797047e-17\n",
      "    -3.35115447e-16 -1.68113473e-12]\n",
      "   ...\n",
      "   [ 5.92311864e-18  3.94710279e-17 -1.64797047e-17 ...  2.50282959e-01\n",
      "     2.65526630e-18 -5.06624141e-17]\n",
      "   [-1.57091940e-17 -6.61683096e-17 -3.35115447e-16 ...  2.65526630e-18\n",
      "     2.29084686e-01 -3.08650598e-17]\n",
      "   [-5.25024504e-04  3.57202386e-10 -1.68113473e-12 ... -5.06624141e-17\n",
      "    -3.08650598e-17  2.37499632e-01]]\n",
      "\n",
      "  [[ 3.72828345e-18  1.55424241e-12 -2.50487550e-14 ... -8.18482305e-19\n",
      "     5.31475198e-18 -1.93796231e-21]\n",
      "   [ 1.55424241e-12 -5.04998233e-19  3.14905315e-20 ...  3.93623723e-17\n",
      "     9.11158797e-17  1.30831207e-14]\n",
      "   [-2.50487550e-14  3.14905315e-20  1.30907046e-18 ...  1.73325185e-16\n",
      "     4.01945665e-16 -1.30728905e-13]\n",
      "   ...\n",
      "   [-8.18482305e-19  3.93623723e-17  1.73325185e-16 ...  2.80047195e-18\n",
      "     1.05991363e-02 -1.10635480e-18]\n",
      "   [ 5.31475198e-18  9.11158797e-17  4.01945665e-16 ...  1.05991363e-02\n",
      "     2.57574096e-19 -5.22688700e-18]\n",
      "   [-1.93796231e-21  1.30831207e-14 -1.30728905e-13 ... -1.10635480e-18\n",
      "    -5.22688700e-18  1.20796562e-18]]\n",
      "\n",
      "  [[-6.44706950e-17  3.70816725e-14 -6.05748595e-16 ... -1.22847737e-03\n",
      "    -1.65495263e-20  4.79473272e-18]\n",
      "   [ 3.70816725e-14 -6.50936938e-17 -1.32483047e-18 ...  8.36700077e-10\n",
      "    -9.70007943e-15  1.87315329e-16]\n",
      "   [-6.05748595e-16 -1.32483047e-18 -6.05832789e-17 ... -1.38841918e-12\n",
      "    -5.15842498e-14 -3.77437214e-15]\n",
      "   ...\n",
      "   [-1.22847737e-03  8.36700077e-10 -1.38841918e-12 ... -5.06624141e-17\n",
      "    -1.10635480e-18  1.17171086e-02]\n",
      "   [-1.65495263e-20 -9.70007943e-15 -5.15842498e-14 ... -1.10635480e-18\n",
      "    -4.02086443e-17  8.77945891e-20]\n",
      "   [ 4.79473272e-18  1.87315329e-16 -3.77437214e-15 ...  1.17171086e-02\n",
      "     8.77945891e-20 -4.57450916e-17]]]\n",
      "\n",
      "\n",
      " [[[-4.60401003e-17 -4.58857285e-16  6.51710964e-17 ...  9.25449563e-20\n",
      "     5.67779493e-03 -1.19800196e-18]\n",
      "   [-4.58857285e-16 -4.59150060e-17  3.49133207e-18 ...  4.70593967e-14\n",
      "    -4.03616486e-11  4.77594873e-16]\n",
      "   [ 6.51710964e-17  3.49133207e-18 -1.59359706e-17 ...  6.43530014e-14\n",
      "     5.07414480e-09  6.55779623e-16]\n",
      "   ...\n",
      "   [ 9.25449563e-20  4.70593967e-14  6.43530014e-14 ... -1.57091940e-17\n",
      "     5.31475198e-18 -1.15610189e-20]\n",
      "   [ 5.67779493e-03 -4.03616486e-11  5.07414480e-09 ...  5.31475198e-18\n",
      "    -1.73461586e-17 -1.22847737e-03]\n",
      "   [-1.19800196e-18  4.77594873e-16  6.55779623e-16 ... -1.15610189e-20\n",
      "    -1.22847737e-03 -1.60331931e-17]]\n",
      "\n",
      "  [[-5.54718462e-16 -3.67859049e-17  3.37288863e-18 ...  4.70593971e-14\n",
      "    -4.03616480e-11  4.79831655e-16]\n",
      "   [-3.67859049e-17 -5.54087421e-16  6.49963190e-17 ... -2.66021359e-20\n",
      "     5.62200445e-03 -1.32418758e-18]\n",
      "   [ 3.37288863e-18  6.49963190e-17 -1.23802799e-16 ...  2.85232243e-21\n",
      "     7.45014685e-03  2.07461763e-19]\n",
      "   ...\n",
      "   [ 4.70593971e-14 -2.66021359e-20  2.85232243e-21 ... -6.61683096e-17\n",
      "     9.11158797e-17 -9.70008046e-15]\n",
      "   [-4.03616480e-11  5.62200445e-03  7.45014685e-03 ...  9.11158797e-17\n",
      "     1.25564350e-17  8.36888415e-10]\n",
      "   [ 4.79831655e-16 -1.32418758e-18  2.07461763e-19 ... -9.70008046e-15\n",
      "     8.36888415e-10 -2.58929525e-16]]\n",
      "\n",
      "  [[-2.64737771e-16 -5.93093062e-18 -8.09863975e-19 ...  6.43531155e-14\n",
      "     5.07414480e-09  6.92207377e-16]\n",
      "   [-5.93093062e-18 -2.63585358e-16 -3.34945173e-17 ... -7.83913641e-21\n",
      "     7.45014685e-03 -9.80526752e-19]\n",
      "   [-8.09863975e-19 -3.34945173e-17 -7.42240899e-16 ...  2.72663099e-19\n",
      "     3.42247393e-02 -4.38890585e-18]\n",
      "   ...\n",
      "   [ 6.43531155e-14 -7.83913641e-21  2.72663099e-19 ... -3.35115447e-16\n",
      "     4.01945665e-16 -5.15842510e-14]\n",
      "   [ 5.07414480e-09  7.45014685e-03  3.42247393e-02 ...  4.01945665e-16\n",
      "     1.15349234e-17 -3.86852159e-13]\n",
      "   [ 6.92207377e-16 -9.80526752e-19 -4.38890585e-18 ... -5.15842510e-14\n",
      "    -3.86852159e-13 -1.35988448e-15]]\n",
      "\n",
      "  ...\n",
      "\n",
      "  [[ 3.72828345e-18  1.55424241e-12 -2.50487550e-14 ... -8.18482305e-19\n",
      "     5.31475198e-18 -1.93796231e-21]\n",
      "   [ 1.55424241e-12 -5.04998233e-19  3.14905315e-20 ...  3.93623723e-17\n",
      "     9.11158797e-17  1.30831207e-14]\n",
      "   [-2.50487550e-14  3.14905315e-20  1.30907046e-18 ...  1.73325185e-16\n",
      "     4.01945665e-16 -1.30728905e-13]\n",
      "   ...\n",
      "   [-8.18482305e-19  3.93623723e-17  1.73325185e-16 ...  2.80047195e-18\n",
      "     1.05991363e-02 -1.10635480e-18]\n",
      "   [ 5.31475198e-18  9.11158797e-17  4.01945665e-16 ...  1.05991363e-02\n",
      "     2.57574096e-19 -5.22688700e-18]\n",
      "   [-1.93796231e-21  1.30831207e-14 -1.30728905e-13 ... -1.10635480e-18\n",
      "    -5.22688700e-18  1.20796562e-18]]\n",
      "\n",
      "  [[ 3.02331744e-01 -7.75080425e-11 -2.00538101e-09 ... -4.70638536e-18\n",
      "    -1.73461586e-17 -5.25024504e-04]\n",
      "   [-7.75080425e-11  3.02332830e-01 -2.94449801e-03 ... -1.42760732e-16\n",
      "     1.25564350e-17  3.56948362e-10]\n",
      "   [-2.00538101e-09 -2.94449801e-03  2.33580775e-01 ... -8.20371035e-16\n",
      "     1.15349234e-17  8.57134912e-13]\n",
      "   ...\n",
      "   [-4.70638536e-18 -1.42760732e-16 -8.20371035e-16 ...  2.29084686e-01\n",
      "    -1.01163503e-21 -4.02086443e-17]\n",
      "   [-1.73461586e-17  1.25564350e-17  1.15349234e-17 ... -1.01163503e-21\n",
      "     2.50282959e-01 -3.30777717e-17]\n",
      "   [-5.25024504e-04  3.56948362e-10  8.57134912e-13 ... -4.02086443e-17\n",
      "    -3.30777717e-17  2.37499632e-01]]\n",
      "\n",
      "  [[-4.02560354e-17  1.58583232e-14 -2.58955922e-16 ... -1.23973281e-20\n",
      "    -1.22847737e-03 -5.57498766e-19]\n",
      "   [ 1.58583232e-14 -4.03300214e-17  4.97556958e-19 ... -9.70005457e-15\n",
      "     8.36888415e-10  8.06758837e-17]\n",
      "   [-2.58955922e-16  4.97556958e-19 -3.05248325e-17 ... -5.15838278e-14\n",
      "    -3.86853138e-13 -1.61058807e-15]\n",
      "   ...\n",
      "   [-1.23973281e-20 -9.70005457e-15 -5.15838278e-14 ... -3.08650598e-17\n",
      "    -5.22688700e-18  6.06128509e-20]\n",
      "   [-1.22847737e-03  8.36888415e-10 -3.86853138e-13 ... -5.22688700e-18\n",
      "    -3.30777717e-17  1.17171086e-02]\n",
      "   [-5.57498766e-19  8.06758837e-17 -1.61058807e-15 ...  6.06128509e-20\n",
      "     1.17171086e-02 -3.51214835e-17]]]\n",
      "\n",
      "\n",
      " [[[ 1.48362784e-02  1.17881275e-08 -3.90640563e-09 ... -2.77839427e-18\n",
      "    -1.19800196e-18  6.55071368e-03]\n",
      "   [ 1.17881275e-08  1.48643722e-02 -2.86325818e-03 ...  1.12374344e-15\n",
      "     4.79831655e-16 -5.98930972e-11]\n",
      "   [-3.90640563e-09 -2.86325818e-03 -1.94015781e-03 ...  1.61608282e-15\n",
      "     6.92207377e-16  5.10420074e-09]\n",
      "   ...\n",
      "   [-2.77839427e-18  1.12374344e-15  1.61608282e-15 ... -5.25024504e-04\n",
      "     5.84704102e-21  4.79473272e-18]\n",
      "   [-1.19800196e-18  4.79831655e-16  6.92207377e-16 ...  5.84704102e-21\n",
      "    -5.25024504e-04 -5.57498766e-19]\n",
      "   [ 6.55071368e-03 -5.98930972e-11  5.10420074e-09 ...  4.79473272e-18\n",
      "    -5.57498766e-19 -2.77819724e-03]]\n",
      "\n",
      "  [[ 1.34353844e-08  1.72832657e-02 -2.87198654e-03 ...  1.11928395e-15\n",
      "     4.77594873e-16 -5.98930972e-11]\n",
      "   [ 1.72832657e-02 -3.36568415e-08  3.90391321e-09 ... -2.65502263e-18\n",
      "    -1.32418758e-18  6.46455013e-03]\n",
      "   [-2.87198654e-03  3.90391321e-09  1.32345738e-09 ...  5.74622926e-20\n",
      "    -9.80526752e-19  7.49184727e-03]\n",
      "   ...\n",
      "   [ 1.11928395e-15 -2.65502263e-18  5.74622926e-20 ...  3.57202387e-10\n",
      "     1.30831450e-14  1.87315329e-16]\n",
      "   [ 4.77594873e-16 -1.32418758e-18 -9.80526752e-19 ...  1.30831450e-14\n",
      "     3.56948362e-10  8.06758837e-17]\n",
      "   [-5.98930972e-11  6.46455013e-03  7.49184727e-03 ...  1.87315329e-16\n",
      "     8.06758837e-17  1.89176542e-09]]\n",
      "\n",
      "  [[-4.09301206e-08 -3.00495358e-02  3.29862989e-04 ...  1.52945583e-15\n",
      "     6.55779623e-16  5.10420074e-09]\n",
      "   [-3.00495358e-02  4.09134908e-08 -2.23735776e-10 ... -4.26455837e-18\n",
      "     2.07461763e-19  7.49184727e-03]\n",
      "   [ 3.29862989e-04 -2.23735776e-10 -2.44909793e-11 ... -2.37619485e-17\n",
      "    -4.38890585e-18  3.60361196e-02]\n",
      "   ...\n",
      "   [ 1.52945583e-15 -4.26455837e-18 -2.37619485e-17 ... -1.68113934e-12\n",
      "    -1.30728911e-13 -3.77437214e-15]\n",
      "   [ 6.55779623e-16  2.07461763e-19 -4.38890585e-18 ... -1.30728911e-13\n",
      "     8.57123757e-13 -1.61058807e-15]\n",
      "   [ 5.10420074e-09  7.49184727e-03  3.60361196e-02 ... -3.77437214e-15\n",
      "    -1.61058807e-15 -4.69447773e-12]]\n",
      "\n",
      "  ...\n",
      "\n",
      "  [[-6.44706950e-17  3.70816725e-14 -6.05748595e-16 ... -1.22847737e-03\n",
      "    -1.65495263e-20  4.79473272e-18]\n",
      "   [ 3.70816725e-14 -6.50936938e-17 -1.32483047e-18 ...  8.36700077e-10\n",
      "    -9.70007943e-15  1.87315329e-16]\n",
      "   [-6.05748595e-16 -1.32483047e-18 -6.05832789e-17 ... -1.38841918e-12\n",
      "    -5.15842498e-14 -3.77437214e-15]\n",
      "   ...\n",
      "   [-1.22847737e-03  8.36700077e-10 -1.38841918e-12 ... -5.06624141e-17\n",
      "    -1.10635480e-18  1.17171086e-02]\n",
      "   [-1.65495263e-20 -9.70007943e-15 -5.15842498e-14 ... -1.10635480e-18\n",
      "    -4.02086443e-17  8.77945891e-20]\n",
      "   [ 4.79473272e-18  1.87315329e-16 -3.77437214e-15 ...  1.17171086e-02\n",
      "     8.77945891e-20 -4.57450916e-17]]\n",
      "\n",
      "  [[-4.02560354e-17  1.58583232e-14 -2.58955922e-16 ... -1.23973281e-20\n",
      "    -1.22847737e-03 -5.57498766e-19]\n",
      "   [ 1.58583232e-14 -4.03300214e-17  4.97556958e-19 ... -9.70005457e-15\n",
      "     8.36888415e-10  8.06758837e-17]\n",
      "   [-2.58955922e-16  4.97556958e-19 -3.05248325e-17 ... -5.15838278e-14\n",
      "    -3.86853138e-13 -1.61058807e-15]\n",
      "   ...\n",
      "   [-1.23973281e-20 -9.70005457e-15 -5.15838278e-14 ... -3.08650598e-17\n",
      "    -5.22688700e-18  6.06128509e-20]\n",
      "   [-1.22847737e-03  8.36888415e-10 -3.86853138e-13 ... -5.22688700e-18\n",
      "    -3.30777717e-17  1.17171086e-02]\n",
      "   [-5.57498766e-19  8.06758837e-17 -1.61058807e-15 ...  6.06128509e-20\n",
      "     1.17171086e-02 -3.51214835e-17]]\n",
      "\n",
      "  [[ 3.17366920e-01 -4.34563711e-11 -2.11110389e-09 ... -5.40908661e-18\n",
      "    -1.60331931e-17 -2.77819724e-03]\n",
      "   [-4.34563711e-11  3.17361920e-01 -3.09842946e-03 ... -5.92462424e-16\n",
      "    -2.58929525e-16  1.89176542e-09]\n",
      "   [-2.11110389e-09 -3.09842946e-03  2.45089882e-01 ... -3.21460938e-15\n",
      "    -1.35988448e-15 -4.69448130e-12]\n",
      "   ...\n",
      "   [-5.40908661e-18 -5.92462424e-16 -3.21460938e-15 ...  2.37499632e-01\n",
      "     1.34354187e-18 -4.57450916e-17]\n",
      "   [-1.60331931e-17 -2.58929525e-16 -1.35988448e-15 ...  1.34354187e-18\n",
      "     2.37499632e-01 -3.51214835e-17]\n",
      "   [-2.77819724e-03  1.89176542e-09 -4.69448130e-12 ... -4.57450916e-17\n",
      "    -3.51214835e-17  2.70030898e-01]]]]\n"
     ]
    }
   ],
   "execution_count": 3
  },
  {
   "metadata": {
    "ExecuteTime": {
     "start_time": "2024-10-24T03:18:12.315920Z"
    }
   },
   "cell_type": "code",
   "source": [
    "obt, tbt = physicist_to_chemist(h1e.copy(), g2e.copy())\n",
    "ferm_op = get_ferm_op(obt, spin_orb = False)\n",
    "ferm_op += get_ferm_op(tbt, spin_orb = False)\n",
    "print(ferm_op)\n",
    "sparse_H_tmp = of.get_sparse_operator(ferm_op)\n",
    "ed_energy, t_sol = of.get_ground_state(sparse_H_tmp)"
   ],
   "id": "7467e01790d2c390",
   "outputs": [
    {
     "name": "stdout",
     "output_type": "stream",
     "text": [
      "-27.99910600983559 [0^ 0] +\n",
      "1.0939022464337156 [0^ 0 0^ 0] +\n",
      "1.3263910820531415e-06 [0^ 0 0^ 2] +\n",
      "-2.0416572533470738e-07 [0^ 0 0^ 4] +\n",
      "0.10363690650847858 [0^ 0 0^ 6] +\n",
      "-2.5488125448431316e-08 [0^ 0 0^ 8] +\n",
      "0.014836278393073995 [0^ 0 0^ 18] +\n",
      "1.0939022464337156 [0^ 0 1^ 1] +\n",
      "1.3263910820531415e-06 [0^ 0 1^ 3] +\n",
      "-2.0416572533470738e-07 [0^ 0 1^ 5] +\n",
      "0.10363690650847858 [0^ 0 1^ 7] +\n",
      "-2.5488125448431316e-08 [0^ 0 1^ 9] +\n",
      "0.014836278393073995 [0^ 0 1^ 19] +\n",
      "1.3263910820531415e-06 [0^ 0 2^ 0] +\n",
      "1.0941425836669028 [0^ 0 2^ 2] +\n",
      "-0.09990892671782572 [0^ 0 2^ 4] +\n",
      "7.046283061005591e-08 [0^ 0 2^ 6] +\n",
      "-0.013708071504523607 [0^ 0 2^ 8] +\n",
      "1.343538438786589e-08 [0^ 0 2^ 18] +\n",
      "1.3263910820531415e-06 [0^ 0 3^ 1] +\n",
      "1.0941425836669028 [0^ 0 3^ 3] +\n",
      "-0.09990892671782572 [0^ 0 3^ 5] +\n",
      "7.046283061005591e-08 [0^ 0 3^ 7] +\n",
      "-0.013708071504523607 [0^ 0 3^ 9] +\n",
      "1.343538438786589e-08 [0^ 0 3^ 19] +\n",
      "-2.0416572533470738e-07 [0^ 0 4^ 0] +\n",
      "-0.09990892671782572 [0^ 0 4^ 2] +\n",
      "0.29951631003289525 [0^ 0 4^ 4] +\n",
      "-2.420138576502255e-07 [0^ 0 4^ 6] +\n",
      "-0.006082864777127775 [0^ 0 4^ 8] +\n",
      "-4.093012055141594e-08 [0^ 0 4^ 18] +\n",
      "-2.0416572533470738e-07 [0^ 0 5^ 1] +\n",
      "-0.09990892671782572 [0^ 0 5^ 3] +\n",
      "0.29951631003289525 [0^ 0 5^ 5] +\n",
      "-2.420138576502255e-07 [0^ 0 5^ 7] +\n",
      "-0.006082864777127775 [0^ 0 5^ 9] +\n",
      "-4.093012055141594e-08 [0^ 0 5^ 19] +\n",
      "0.10363690650847858 [0^ 0 6^ 0] +\n",
      "7.046283061005591e-08 [0^ 0 6^ 2] +\n",
      "-2.420138576502255e-07 [0^ 0 6^ 4] +\n",
      "0.3022920843072049 [0^ 0 6^ 6] +\n",
      "-6.729467023330591e-08 [0^ 0 6^ 8] +\n",
      "0.015952138084036224 [0^ 0 6^ 18] +\n",
      "0.10363690650847858 [0^ 0 7^ 1] +\n",
      "7.046283061005591e-08 [0^ 0 7^ 3] +\n",
      "-2.420138576502255e-07 [0^ 0 7^ 5] +\n",
      "0.3022920843072049 [0^ 0 7^ 7] +\n",
      "-6.729467023330591e-08 [0^ 0 7^ 9] +\n",
      "0.015952138084036224 [0^ 0 7^ 19] +\n",
      "-2.5488125448431316e-08 [0^ 0 8^ 0] +\n",
      "-0.013708071504523607 [0^ 0 8^ 2] +\n",
      "-0.006082864777127775 [0^ 0 8^ 4] +\n",
      "-6.729467023330591e-08 [0^ 0 8^ 6] +\n",
      "0.2970138152955869 [0^ 0 8^ 8] +\n",
      "2.3966174223722363e-07 [0^ 0 8^ 18] +\n",
      "-2.5488125448431316e-08 [0^ 0 9^ 1] +\n",
      "-0.013708071504523607 [0^ 0 9^ 3] +\n",
      "-0.006082864777127775 [0^ 0 9^ 5] +\n",
      "-6.729467023330591e-08 [0^ 0 9^ 7] +\n",
      "0.2970138152955869 [0^ 0 9^ 9] +\n",
      "2.3966174223722363e-07 [0^ 0 9^ 19] +\n",
      "0.2986395985621527 [0^ 0 10^ 10] +\n",
      "-2.4369772341170533e-07 [0^ 0 10^ 14] +\n",
      "5.1944006387310865e-08 [0^ 0 10^ 16] +\n",
      "0.2986395985621527 [0^ 0 11^ 11] +\n",
      "-2.4369772341170533e-07 [0^ 0 11^ 15] +\n",
      "5.1944006387310865e-08 [0^ 0 11^ 17] +\n",
      "0.298639598562153 [0^ 0 12^ 12] +\n",
      "-5.1943912314789786e-08 [0^ 0 12^ 14] +\n",
      "-2.436980145570757e-07 [0^ 0 12^ 16] +\n",
      "0.298639598562153 [0^ 0 13^ 13] +\n",
      "-5.1943912314789786e-08 [0^ 0 13^ 15] +\n",
      "-2.436980145570757e-07 [0^ 0 13^ 17] +\n",
      "-2.4369772341170533e-07 [0^ 0 14^ 10] +\n",
      "-5.1943912314789786e-08 [0^ 0 14^ 12] +\n",
      "0.30233174378793587 [0^ 0 14^ 14] +\n",
      "-2.4369772341170533e-07 [0^ 0 15^ 11] +\n",
      "-5.1943912314789786e-08 [0^ 0 15^ 13] +\n",
      "0.30233174378793587 [0^ 0 15^ 15] +\n",
      "5.1944006387310865e-08 [0^ 0 16^ 10] +\n",
      "-2.436980145570757e-07 [0^ 0 16^ 12] +\n",
      "0.30233174378793576 [0^ 0 16^ 16] +\n",
      "5.1944006387310865e-08 [0^ 0 17^ 11] +\n",
      "-2.436980145570757e-07 [0^ 0 17^ 13] +\n",
      "0.30233174378793576 [0^ 0 17^ 17] +\n",
      "0.014836278393073995 [0^ 0 18^ 0] +\n",
      "1.343538438786589e-08 [0^ 0 18^ 2] +\n",
      "-4.093012055141594e-08 [0^ 0 18^ 4] +\n",
      "0.015952138084036224 [0^ 0 18^ 6] +\n",
      "2.3966174223722363e-07 [0^ 0 18^ 8] +\n",
      "0.31736691983892606 [0^ 0 18^ 18] +\n",
      "0.014836278393073995 [0^ 0 19^ 1] +\n",
      "1.343538438786589e-08 [0^ 0 19^ 3] +\n",
      "-4.093012055141594e-08 [0^ 0 19^ 5] +\n",
      "0.015952138084036224 [0^ 0 19^ 7] +\n",
      "2.3966174223722363e-07 [0^ 0 19^ 9] +\n",
      "0.31736691983892606 [0^ 0 19^ 19] +\n",
      "1.3263910816987053e-06 [0^ 2 0^ 0] +\n",
      "0.9738700656728912 [0^ 2 0^ 2] +\n",
      "-0.09992524982693703 [0^ 2 0^ 4] +\n",
      "7.051282943519222e-08 [0^ 2 0^ 6] +\n",
      "-0.011865947267853437 [0^ 2 0^ 8] +\n",
      "1.1788127463511422e-08 [0^ 2 0^ 18] +\n",
      "1.3263910816987053e-06 [0^ 2 1^ 1] +\n",
      "0.9738700656728912 [0^ 2 1^ 3] +\n",
      "-0.09992524982693703 [0^ 2 1^ 5] +\n",
      "7.051282943519222e-08 [0^ 2 1^ 7] +\n",
      "-0.011865947267853437 [0^ 2 1^ 9] +\n",
      "1.1788127463511422e-08 [0^ 2 1^ 19] +\n",
      "0.9738700656728912 [0^ 2 2^ 0] +\n",
      "-1.3260634401554382e-06 [0^ 2 2^ 2] +\n",
      "6.795473668393756e-08 [0^ 2 2^ 4] +\n",
      "0.10360130328820338 [0^ 2 2^ 6] +\n",
      "0.017283265688898448 [0^ 2 2^ 18] +\n",
      "0.9738700656728912 [0^ 2 3^ 1] +\n",
      "-1.3260634401554382e-06 [0^ 2 3^ 3] +\n",
      "6.795473668393756e-08 [0^ 2 3^ 5] +\n",
      "0.10360130328820338 [0^ 2 3^ 7] +\n",
      "0.017283265688898448 [0^ 2 3^ 19] +\n",
      "-0.09992524982693703 [0^ 2 4^ 0] +\n",
      "6.795473668393756e-08 [0^ 2 4^ 2] +\n",
      "-0.177713646606164 [0^ 2 4^ 6] +\n",
      "-0.0300495357951933 [0^ 2 4^ 18] +\n",
      "-0.09992524982693703 [0^ 2 5^ 1] +\n",
      "6.795473668393756e-08 [0^ 2 5^ 3] +\n",
